# Vector set from optimal sampling of 55 directions, and 4 b0 (including implicit b0 added by console)
[directions=58]
CoordinateSystem = xyz
Normalisation = none
Vector[0] = (	 0.148239, 	 0.557478, 	 -0.024003 )
Vector[1] = (	 -0.820134, 	 -0.393411, 	 -0.415462 )
Vector[2] = (	 -0.264620, 	 0.380694, 	 -0.886030 )
Vector[3] = (	 -0.218232, 	 -0.959151, 	 -0.180012 )
Vector[4] = (	 0.035058, 	 0.035088, 	 -0.575216 )
Vector[5] = (	 0.698217, 	 -0.025017, 	 -0.715449 )
Vector[6] = (	 0.700929, 	 -0.659980, 	 0.270415 )
Vector[7] = (	 0.218223, 	 -0.167473, 	 -0.961422 )
Vector[8] = (	 -0.466848, 	 0.335833, 	 0.051020 )
Vector[9] = (	 -0.940626, 	 -0.335551, 	 0.051264 )
Vector[10] = (	 -0.029431, 	 -0.924199, 	 0.380775 )
Vector[11] = (	 0.459248, 	 0.034885, 	 0.348149 )
Vector[12] = (	 -0.206243, 	 0.786192, 	 0.582551 )
Vector[13] = (	 0.957952, 	 -0.286840, 	 -0.007150 )
Vector[14] = (	 -0.498866, 	 -0.116268, 	 -0.858845 )
Vector[15] = (	 0.000000, 	 0.000000, 	 0.000000 )
Vector[16] = (	 -0.462507, 	 -0.013946, 	 0.345292 )
Vector[17] = (	 0.266753, 	 0.381185, 	 -0.885179 )
Vector[18] = (	 0.683717, 	 -0.515756, 	 -0.516263 )
Vector[19] = (	 -0.628633, 	 0.777131, 	 -0.029787 )
Vector[20] = (	 -0.130073, 	 0.443469, 	 -0.346049 )
Vector[21] = (	 0.843571, 	 0.516169, 	 0.148178 )
Vector[22] = (	 -0.603156, 	 -0.757277, 	 0.250469 )
Vector[23] = (	 0.093123, 	 0.418462, 	 0.386718 )
Vector[24] = (	 0.683146, 	 -0.280632, 	 0.674209 )
Vector[25] = (	 -0.083893, 	 -0.755634, 	 -0.649600 )
Vector[26] = (	 -0.862954, 	 -0.048748, 	 0.502926 )
Vector[27] = (	 -0.382924, 	 -0.425607, 	 0.074574 )
Vector[28] = (	 0.246124, 	 -0.845034, 	 0.474700 )
Vector[29] = (	 -0.067377, 	 0.992179, 	 0.105076 )
Vector[30] = (	 0.000000, 	 0.000000, 	 0.000000 )
Vector[31] = (	 0.008727, 	 -0.254321, 	 0.967080 )
Vector[32] = (	 -0.243510, 	 0.157353, 	 0.499276 )
Vector[33] = (	 -0.875210, 	 -0.104578, 	 -0.472305 )
Vector[34] = (	 -0.016282, 	 0.367379, 	 0.929929 )
Vector[35] = (	 0.344653, 	 -0.428479, 	 0.175937 )
Vector[36] = (	 0.433674, 	 0.900792, 	 -0.022359 )
Vector[37] = (	 0.515472, 	 0.472514, 	 -0.714856 )
Vector[38] = (	 -0.712773, 	 0.654105, 	 0.253183 )
Vector[39] = (	 0.470747, 	 0.292319, 	 0.162112 )
Vector[40] = (	 0.450154, 	 0.404140, 	 0.796261 )
Vector[41] = (	 0.964381, 	 -0.097767, 	 0.245787 )
Vector[42] = (	 -0.268380, 	 0.644796, 	 -0.715689 )
Vector[43] = (	 -0.246663, 	 -0.027958, 	 -0.521257 )
Vector[44] = (	 0.428072, 	 -0.585312, 	 -0.688596 )
Vector[45] = (	 0.000000, 	 0.000000, 	 0.000000 )
Vector[46] = (	 -0.669404, 	 -0.658963, 	 -0.343026 )
Vector[47] = (	 -0.105181, 	 -0.318629, 	 0.469836 )
Vector[48] = (	 -0.948441, 	 0.155928, 	 0.275945 )
Vector[49] = (	 0.347338, 	 -0.937708, 	 -0.007785 )
Vector[50] = (	 -0.267857, 	 0.074563, 	 -0.960569 )
Vector[51] = (	 0.556738, 	 -0.092421, 	 -0.121798 )
Vector[52] = (	 0.859693, 	 0.348867, 	 -0.373123 )
Vector[53] = (	 -0.479196, 	 0.096503, 	 0.872386 )
Vector[54] = (	 -0.718907, 	 0.492545, 	 -0.490482 )
Vector[55] = (	 0.024392, 	 -0.547372, 	 -0.181995 )
Vector[56] = (	 0.305511, 	 0.838090, 	 0.451960 )
Vector[57] = (	 -0.228310, 	 -0.812033, 	 0.537101 )
