# Vector set from optimal sampling of 55 directions, and 3 b0 (including implicit b0 added by console)
[directions=57]
CoordinateSystem = xyz
Normalisation = none
Vector[0] = (	 -0.565558, 	 -0.063300, 	 -0.097319 )
Vector[1] = (	 -0.857087, 	 0.197357, 	 -0.475870 )
Vector[2] = (	 -0.338019, 	 0.391120, 	 0.856019 )
Vector[3] = (	 0.345037, 	 0.892492, 	 -0.290531 )
Vector[4] = (	 0.115778, 	 -0.557254, 	 0.096938 )
Vector[5] = (	 0.500090, 	 -0.838831, 	 -0.215111 )
Vector[6] = (	 0.009473, 	 -0.526676, 	 0.850013 )
Vector[7] = (	 -0.610176, 	 -0.543171, 	 -0.576759 )
Vector[8] = (	 0.033443, 	 0.217374, 	 0.533820 )
Vector[9] = (	 0.960662, 	 0.127183, 	 -0.246885 )
Vector[10] = (	 0.516398, 	 0.200127, 	 -0.832636 )
Vector[11] = (	 0.278496, 	 0.114229, 	 -0.492671 )
Vector[12] = (	 0.025766, 	 0.914595, 	 0.403550 )
Vector[13] = (	 0.501108, 	 -0.698825, 	 0.510426 )
Vector[14] = (	 -0.246527, 	 -0.241520, 	 -0.938559 )
Vector[15] = (	 -0.364855, 	 0.232352, 	 -0.382395 )
Vector[16] = (	 -0.864009, 	 0.421384, 	 0.275542 )
Vector[17] = (	 -0.677632, 	 -0.734371, 	 -0.038897 )
Vector[18] = (	 0.492047, 	 -0.185476, 	 0.850581 )
Vector[19] = (	 -0.275554, 	 -0.468192, 	 -0.195446 )
Vector[20] = (	 0.000000, 	 0.000000, 	 0.000000 )
Vector[21] = (	 -0.166667, 	 0.966521, 	 -0.195086 )
Vector[22] = (	 -0.696399, 	 -0.545245, 	 0.466621 )
Vector[23] = (	 0.409752, 	 -0.264283, 	 -0.309179 )
Vector[24] = (	 0.951957, 	 0.218517, 	 0.214542 )
Vector[25] = (	 0.127443, 	 -0.598531, 	 -0.790898 )
Vector[26] = (	 0.831657, 	 -0.555264, 	 0.005354 )
Vector[27] = (	 0.141445, 	 0.489781, 	 -0.271001 )
Vector[28] = (	 -0.256409, 	 -0.113905, 	 0.959833 )
Vector[29] = (	 -0.022293, 	 0.755527, 	 -0.654738 )
Vector[30] = (	 0.488020, 	 0.834568, 	 0.255604 )
Vector[31] = (	 0.524347, 	 0.199081, 	 -0.136967 )
Vector[32] = (	 0.811504, 	 -0.247784, 	 -0.529211 )
Vector[33] = (	 0.692457, 	 0.279669, 	 0.665047 )
Vector[34] = (	 -0.277321, 	 0.489793, 	 0.128565 )
Vector[35] = (	 -0.483475, 	 0.738064, 	 0.470652 )
Vector[36] = (	 -0.493974, 	 0.484827, 	 -0.721756 )
Vector[37] = (	 -0.136382, 	 -0.985037, 	 0.105365 )
Vector[38] = (	 0.143728, 	 -0.225687, 	 0.511606 )
Vector[39] = (	 -0.722406, 	 -0.277916, 	 0.633160 )
Vector[40] = (	 0.000000, 	 0.000000, 	 0.000000 )
Vector[41] = (	 -0.186127, 	 -0.537045, 	 -0.822763 )
Vector[42] = (	 -0.999922, 	 -0.012442, 	 0.000626 )
Vector[43] = (	 -0.318938, 	 -0.264219, 	 -0.402244 )
Vector[44] = (	 -0.452846, 	 0.852321, 	 -0.261686 )
Vector[45] = (	 0.025710, 	 0.045414, 	 0.998637 )
Vector[46] = (	 0.517584, 	 -0.191177, 	 0.169976 )
Vector[47] = (	 0.807278, 	 0.565421, 	 -0.169117 )
Vector[48] = (	 -0.879842, 	 0.401526, 	 -0.254274 )
Vector[49] = (	 -0.255787, 	 -0.619037, 	 0.742540 )
Vector[50] = (	 -0.360100, 	 -0.314074, 	 0.324067 )
Vector[51] = (	 0.380935, 	 0.665991, 	 0.641361 )
Vector[52] = (	 -0.604063, 	 0.325568, 	 0.727402 )
Vector[53] = (	 0.246553, 	 -0.913930, 	 -0.322404 )
Vector[54] = (	 0.179764, 	 -0.395866, 	 -0.379880 )
Vector[55] = (	 0.716459, 	 0.000550, 	 0.697629 )
Vector[56] = (	 0.481840, 	 0.703412, 	 -0.522535 )
